-1.458771326098009559e-02
1.077095670508485398e-01
-9.570624474834896200e-02
1.633910478695990154e-01
-1.359800587053140199e-02
1.931055859945210729e-01
-4.040290043030834999e-02
4.454955949910245627e-02
-5.161223961413926448e-02
4.316052083846324411e-02
2.450574693952693728e-02
1.099146258578307944e-01
-1.061666199187083076e-01
-1.030467863711209409e-01
-2.168675821402099857e-01
8.359822444548614673e-02
6.164699983250734178e-02
7.040747221491971963e-02
-7.052019478581024459e-02
5.822777830716064501e-02
-7.111548796980437896e-03
1.894514665325399971e-01
-3.059256045286773765e-02
3.053140068655225692e-01
-1.065578119257899192e-01
3.149691021540004104e-02
9.573831665729613805e-02
-1.185773657076233251e-01
5.085119750122939902e-02
2.229002209255153688e-01
-9.362632187515550208e-02
-1.073516240304378672e-01
-8.199822263716054216e-02
1.142240643163192210e-01
-1.397783455110405970e-01
3.654534478260443309e-02
8.832125329936915681e-02
-3.415317646395877454e-02
-4.684203539272019379e-02
-2.687843481958412592e-02
4.122972064920765040e-02
-1.982853776432107543e-02
6.812758223195727880e-02
1.605587091015973911e-01
7.923333686177132240e-02
1.281885614814838870e-01
1.100575747605711391e-01
-2.676341146896595302e-01
1.773648623007504643e-01
1.459790340948246834e-01
-6.414299077571269936e-02
-6.870365759961241658e-02
8.391652749212187568e-02
-1.093248121637680342e-01
-1.515875124002825404e-02
1.153507342422321474e-01
2.936459050981365393e-01
-1.469422838478644244e-01
6.943258188830135624e-02
-8.366676397030517465e-02
-5.053150862023034900e-02
-1.044878791039106219e-01
4.318953334309045405e-02
-5.198795511940445743e-03
-8.110770314904304501e-02
-7.448405974835677068e-02
1.927704040543427519e-02
3.554349027414457213e-02
1.810702586475647635e-01
-5.438046147830322835e-02
-8.612727438114935186e-02
6.515222883640585383e-02
7.527330388583113041e-02
-6.312033461031683890e-02
-1.110313490906295331e-01
8.380587214162008025e-02
1.518964627298998726e-01
6.785444248889412056e-02
-4.396326868954744953e-04
-8.085662357329490013e-02
1.831822557487777225e-01
7.405376044847238048e-02
-1.917078117222592304e-01
1.158584180089630971e-03
4.769530853470393961e-02
1.104480060688079329e-01
1.709104508204717099e-01
-6.888981845893522860e-02
8.234917355153327512e-02
7.650878482411084536e-02
2.816337561456434546e-01
5.266253051548218378e-02
2.300575561489780207e-01
2.430040612953615620e-01
-7.048593826582835731e-02
-8.685094251381129948e-02
1.374181540705470272e-01
7.707065065838999973e-02
-1.065735803369859819e-01
-2.191605965984493032e-02
