5
117
637004 -1692802 761339 -1358474 -3275929 -7036081
686536 -1702721 1127540 -984025 -2942694 -7016953
782292 -1220677 1219874 -220024 -3321263 -6994535
659832 -1749649 673460 -686386 -2780996 -6841296
574960 -1775308 579501 -252154 -2924319 -6837729
822376 -1374897 196311 -1065978 -3339186 -6807690
810580 -1688618 818536 -1251658 -2553682 -6775853
568012 -1552233 964466 -880064 -3117461 -6668441
589484 -1237945 1255412 -161333 -3262592 -6578712
518622 -1686874 439230 -882068 -3071688 -6550714
590642 -1533710 381557 -675332 -3113683 -6541405
683973 -1559865 1278270 -917134 -2430247 -6428018
637403 -1583824 700373 -307676 -2623082 -6427409
694720 -1704161 617174 -680181 -2370954 -6427361
385245 -1582028 1017331 -842508 -3159614 -6414409
497827 -1549662 962321 -1381398 -3080881 -6400234
494202 -1820049 741143 -615155 -2518826 -6389017
798078 -1420181 1581731 -1297250 -2237678 -6316733
614602 -1407417 474727 -1325445 -3048150 -6222370
605575 -1096941 578288 -185908 -3342789 -6216428
411118 -1307045 961778 -636661 -3312842 -6208204
677556 -1297386 618549 -1429317 -2991789 -6164492
624431 -1260464 1289778 -942131 -2759707 -6115651
416215 -1435163 757487 -1314993 -3146764 -6084803
666432 -1693265 762213 -722369 -1995370 -6056463
731797 -1008960 886575 -1063240 -3053898 -6044042
562536 -1191581 332392 -872589 -3267788 -6026597
669102 -1204942 553726 -399147 -2842335 -6016162
88775 -1695782 602908 -905485 -3304085 -5944847
742700 -1675216 526606 -940698 -1830544 -5901434
612132 -1375098 1092645 -1176405 -2474203 -5884016
823179 -851352 672957 -896177 -3002143 -5876755
-35728 -1791033 451058 -344502 -3280282 -5873343
628020 -1174435 787529 -810872 -2790608 -5863784
617594 -1149314 106001 -1023177 -3132718 -5837288
645284 -1447994 438576 -860236 -2379539 -5819284
532695 -1574002 982773 -394009 -2019009 -5772123
337323 -1204652 925048 -851459 -3241898 -5766494
708786 -1354059 1021643 -1001668 -2157720 -5756990
348208 -1861559 1158523 -387948 -1850352 -5719036
836698 -1408767 963474 -1009169 -1719866 -5717230
594269 -907763 804862 -341686 -3076095 -5701372
-45990 -1811587 713241 -295563 -2905656 -5649129
490103 -946182 1264075 -172177 -2843434 -5555282
174045 -1231968 1476844 -250473 -2957235 -5532025
734076 -1008412 489016 -1136010 -2602789 -5493292
417778 -1053853 580645 -923515 -3167267 -5483603
560727 -1617983 442678 -529422 -1852379 -5462023
656415 -835906 6997 -746862 -3152546 -5452112
335571 -1269118 673335 -777561 -2826983 -5419388
686486 -1222170 -91190 -1152599 -2499441 -5412340
717660 -1279459 1304674 -944813 -1701310 -5383923
149352 -1437539 1591718 -1397785 -2619050 -5341549
475811 -989486 1364295 -922328 -2681563 -5341478
359619 -1581080 1028354 -450822 -1892883 -5286691
250766 -1077547 1120732 -1153140 -3132299 -5273903
39034 -1168526 749272 -708958 -3359907 -5201398
167137 -1284766 732304 -342636 -2840001 -5195850
49163 -1280689 765503 -1395691 -3212816 -5138466
-93185 -1681372 539212 -380382 -2756818 -5137299
-218041 -1715469 858873 -854862 -2890862 -5132528
-240892 -1754495 386331 -700900 -3035635 -5132366
164157 -1583775 594589 -905581 -2386563 -5120373
65549 -1762465 513409 -776432 -2347606 -5119809
728686 -911967 496610 -296653 -2249613 -5112227
21668 -1112778 972208 -331704 -3257317 -5100614
377554 -938141 1259951 -711581 -2676466 -5056930
837442 -1151971 348558 -1386510 -1752228 -5056649
256135 -1604562 844709 -1416990 -2066180 -5052209
134157 -1467114 1115922 -1380325 -2478192 -5033120
808556 -1101976 478474 -1030356 -1816837 -5029984
198404 -1398588 717878 -416990 -2349945 -5003982
729425 -1129224 494710 -775832 -1768034 -4937704
154601 -1150594 968825 -953390 -2845571 -4931845
267045 -1640878 241540 -976292 -2012493 -4901797
209619 -1300262 495269 -428180 -2495638 -4899119
-48486 -1677394 353351 -1077159 -2563075 -4868585
-91475 -1185068 818656 -1272346 -3366765 -4868405
362760 -1526402 147609 -369021 -1826854 -4858678
731267 -954677 650985 -448076 -1819622 -4845625
-47548 -1644927 356327 -257063 -2452013 -4840021
-280516 -1619347 -115951 -1032047 -3363877 -4837720
720891 -974162 1024388 -888060 -1741608 -4830898
586247 -879170 492377 -659841 -2324839 -4791756
718788 -1082328 86584 -965223 -1765351 -4671399
-245324 -1208643 1196280 -866822 -3212207 -4652033
-93918 -1183411 615815 -348979 -2998805 -4592615
32463 -1009047 613093 -908574 -3034416 -4557225
192770 -1572817 294428 -688754 -1841823 -4554133
-275020 -1398190 698079 -1335750 -3090847 -4539467
236250 -827119 253968 -1100208 -3056687 -4503994
624706 -967344 675061 -1433209 -1805353 -4482272
375396 -991240 1223790 -1228717 -2064015 -4472719
123484 -1715071 386006 -1383461 -1751553 -4472644
-108381 -1529259 751995 -537070 -2222631 -4425415
-26001 -1160234 482483 -205038 -2681576 -4371047
509115 -911026 1192921 -1396417 -1780896 -4320351
76059 -841276 1113796 -272124 -2511914 -4137188
-4510 -1113074 931603 -610162 -2320279 -4125900
171619 -834683 438961 -1014739 -2646095 -4105758
376156 -881516 296180 -1407260 -2209871 -4067379
-227787 -1058763 424213 -1206793 -3144564 -4047388
-279473 -1597448 1148540 -309143 -1832364 -4039562
-194187 -964921 1051316 -1223719 -2891877 -3956670
473090 -870566 78118 -1018768 -1900465 -3941540
-96915 -945576 714865 -693810 -2697725 -3918651
22606 -815601 496181 -1186450 -2809394 -3894562
-250270 -1242939 415534 -1269538 -2569824 -3769790
-271008 -1049973 1124829 -1309211 -2665863 -3766242
-5822 -818437 602846 -1069859 -2490685 -3619214
-64258 -1025742 903882 -370811 -1815317 -3437518
-250660 -1204539 902013 -286697 -1876283 -3412418
89424 -1103614 -25970 -1143873 -1812487 -3369918
-149310 -1187069 726311 -491598 -1716820 -3351707
-38323 -1058813 479000 -283813 -1740438 -3346489
-279619 -884482 -180351 -841670 -2617224 -3012081
-242713 -1098427 533440 -938783 -1862273 -2992439
