3
110
-1039175 -1814375 1143458 -717283
-1033998 -1805336 1137761 -713616
-1012003 -1766933 1113559 -702847
-1028047 -1794946 1131213 -700404
-1021493 -1783503 1124002 -700355
-1038671 -1813495 1142904 -699813
-1001873 -1749246 1102413 -699630
-1010266 -1763899 1111647 -696548
-1002516 -1750369 1103120 -693648
-1002187 -1749795 1102758 -691398
-1027724 -1794381 1130858 -691351
-1023782 -1787499 1126520 -688196
-1029418 -1797340 1132722 -687593
-987868 -1724793 1087002 -685569
-1003266 -1751679 1103946 -678384
-998348 -1743091 1098533 -671843
-961745 -1679184 1058258 -660964
-951523 -1661337 1047010 -654477
-961327 -1678454 1057798 -650519
-962601 -1680678 1059199 -649283
-954533 -1666592 1050322 -649019
-933635 -1630104 1027327 -643430
-932915 -1628847 1026535 -641962
-924753 -1614597 1017554 -638107
-938507 -1638610 1032687 -635413
-909388 -1587770 1000647 -635009
-927160 -1618798 1020202 -633949
-927566 -1619507 1020648 -632429
-933280 -1629484 1026936 -631850
-918358 -1603431 1010517 -622623
-914863 -1597329 1006671 -622422
-903982 -1578331 994698 -619233
-897569 -1567134 987641 -618541
-906257 -1582303 997201 -608984
-885459 -1545991 974317 -602084
-898220 -1568271 988358 -601007
-871339 -1521337 958780 -598265
-856318 -1495111 942251 -592860
-856272 -1495030 942200 -584573
-821487 -1434297 903925 -581940
-852339 -1488164 937873 -581773
-839971 -1466569 924263 -579082
-844422 -1474341 929161 -574310
-835553 -1458856 919402 -573861
-836271 -1460109 920192 -573012
-833440 -1455166 917077 -572604
-825272 -1440905 908089 -569276
-824412 -1439404 907144 -566125
-829436 -1448176 912672 -562472
-809501 -1413369 890736 -559151
-806616 -1408333 887562 -558868
-804233 -1404172 884939 -551443
-810320 -1414799 891637 -543603
-780196 -1362203 858489 -542653
-807551 -1409965 888590 -541117
-778117 -1358573 856202 -539082
-775931 -1354757 853797 -538633
-792343 -1383412 871856 -537306
-774877 -1352917 852637 -536754
-786133 -1372569 865023 -536553
-776609 -1355940 854542 -532687
-767544 -1340114 844568 -524385
-745161 -1301032 819939 -517519
-749238 -1308151 824425 -512057
-759648 -1326327 835880 -511821
-750984 -1311200 826346 -509113
-738306 -1289064 812396 -504416
-734376 -1282203 808072 -497973
-727913 -1270919 800961 -495384
-708870 -1237671 780007 -489062
-726375 -1268233 799268 -488919
-728536 -1272006 801645 -488768
-707485 -1235252 778482 -486196
-697632 -1218049 767640 -484533
-707379 -1235067 778366 -484280
-686536 -1198676 755431 -471620
-687267 -1199951 756235 -463102
-662023 -1155876 728458 -452914
-669046 -1168138 736186 -444752
-648791 -1132773 713898 -442901
-638121 -1114144 702157 -439792
-620807 -1083914 683106 -438331
-637158 -1112462 701097 -435790
-642305 -1121449 706761 -435759
-628098 -1096644 691129 -428907
-657430 -1147857 723404 -428247
-607031 -1059861 667947 -425456
-617516 -1078168 679485 -418846
-586209 -1023506 645036 -415542
-597929 -1043970 657932 -407500
-578650 -1010309 636719 -403361
-560197 -978090 616413 -398070
-581771 -1015758 640153 -397047
-569256 -993908 626382 -382968
-565126 -986696 621837 -382582
-544289 -950316 598909 -381761
-552341 -964375 607770 -379097
-555830 -970466 611609 -376200
-549933 -960170 605120 -374454
-546551 -954264 601398 -370071
-557957 -974180 613949 -368670
-527565 -921116 580507 -364685
-494702 -863737 544346 -349340
-508125 -887174 559116 -347448
-505744 -883017 556496 -344140
-492001 -859021 541374 -343131
-506873 -884989 557739 -342635
-488821 -853469 537875 -337375
-492061 -859127 541440 -333993
-487690 -851495 536630 -328441
