2
114
1000953 2898694 -1397003
-1304071 3466561 -1370039
-280805 3069269 -1258330
-710808 3175844 -1257878
-382526 2768662 -1104390
-2850161 3077375 -1097927
-1550399 2863232 -1079245
-1232684 2713066 -1057931
-757341 2236305 -987687
-1107729 2269942 -914698
-1894361 2412895 -903939
-1217899 2273241 -897212
159687 2149404 -868229
-2815287 2525866 -794583
-2589854 2492038 -794370
-1397485 2339650 -772488
-1560624 2137731 -764254
-1048896 2158760 -738288
306217 1339816 -708478
-1969613 2225495 -704673
-1269957 1905948 -697900
-676303 1607169 -654135
-2716879 1986030 -644457
-941569 1387385 -617887
-1207595 1483529 -604336
-1446040 1686234 -569723
-675322 1384554 -563225
-50288 1326179 -543629
-1968275 1872730 -527915
-951042 1529088 -488299
-1715035 1244647 -458303
-1486962 1298568 -455521
-2521307 1776074 -442330
-2786382 1650473 -426267
-2644318 1624458 -423459
-777231 1231024 -421288
-1031984 1270036 -419162
-1098232 1266340 -403716
-420619 911000 -394242
-2154858 1787627 -385738
-1009281 1310858 -374024
-1632854 1373020 -372489
-1307225 1269565 -371617
-1262934 1241817 -367069
-601596 1030279 -349261
-1809406 1260894 -347825
-1364539 1102072 -345309
-427574 948580 -331602
-1226405 1164947 -322900
-2624741 1592755 -320151
-2088903 1227918 -315542
-2976862 1442038 -314771
-384919 547376 -309518
-2248976 1040008 -308224
-766346 654595 -299784
-2783166 1395756 -292660
-754879 671540 -277118
391604 453053 -272314
-2490330 1039739 -270747
-536288 846333 -270182
-1177397 894571 -260373
-924929 727339 -257297
-2896325 1275866 -236462
-945523 627687 -219125
-2069802 1267630 -208606
-2130497 1039162 -205887
-703529 809251 -198155
-1253048 1076944 -193647
-2128282 935564 -189844
-1525734 724357 -179750
-1347532 884380 -173949
-1672540 833445 -173112
-2346022 1182230 -163873
-2242883 915263 -153530
-2712061 797208 -144379
-1195547 532927 -135082
-1964039 684214 -131981
-1222321 617549 -91613
-2243585 1063799 -87971
-1752227 771982 -86268
-1435751 785896 -70271
-1210080 646784 -57679
-2006945 945683 -52201
-710088 119166 -32169
-2055304 656735 -23766
-1056403 321685 -19780
-1906638 610270 -3645
-3214867 693701 5340
-2821331 640044 5426
-685613 191493 12452
-2787796 317896 19460
-1285304 214707 22765
-2250856 439076 45005
-2189025 581509 45049
-1098360 233356 45527
-1107996 426358 54603
-1032601 -88678 68224
-2339443 436949 70801
-779493 -96235 91176
-838867 115087 114680
-1958585 69053 131171
-1910782 167862 147530
-3558381 514849 148959
-1583992 -62173 171140
-556946 -385687 224267
-871015 -149564 230443
85215 -560505 243144
-2184993 10952 268362
-2428950 -212558 276405
-1823406 -268060 289880
-1849385 -93303 290769
-2190300 -127060 333945
-81155 -1384708 534157
-2659446 -859744 742950
