8
902
-184799 -132952 -281227 170446 1173475 -559424 163826 -130336 -189015
164920 -79264 -709813 210894 1091797 -554002 68408 17401 -182202
-101627 -156200 -433683 341455 202441 -520261 167983 43432 -178188
209575 -155122 -647365 678017 363693 -510970 50648 -139085 -177752
-105333 -136819 -653121 826200 177733 -397266 161092 -167096 -169009
-119335 -101148 -627382 96679 346154 -281519 194620 -95257 -165657
15810 -142141 -671705 791021 532634 -295408 132023 -260148 -164557
-134845 -92295 -664610 730613 807073 -402517 114954 -60600 -163666
105875 -108307 -493519 574706 960073 -543399 135800 197992 -160714
-1611 -129586 -434391 464214 877278 -464080 96300 -278750 -158783
189698 -138745 -444358 367807 63880 -552024 84372 -179045 -156431
-13759 -109031 -287518 217357 1088754 -509690 171128 -9963 -153830
187787 -135991 -565566 802288 -17222 -318699 187521 -304162 -149938
-111987 -137808 -705813 223674 963010 -427778 155632 -132722 -149770
-69310 -117183 -487291 187843 558429 -448641 84772 111937 -148306
71118 -158097 -669917 213377 429223 12688 123715 -159362 -148118
43058 -107845 -485369 160182 1102054 -486863 50233 58043 -146686
-38932 -155083 -467084 686917 -40876 -532093 75919 -147838 -146251
167036 -133040 -312330 119697 862053 -500566 84417 -13707 -146105
-26370 -153663 -656844 524877 309229 -490535 141085 -27608 -145780
95542 -16264 -635318 193714 838101 -531751 144919 -100245 -145715
-177591 -125087 -603031 1113630 1212512 -503469 61325 -290002 -145705
136410 -116477 -595373 241122 748132 -227631 91478 42226 -144082
157627 -143788 -617395 467513 1111626 -330320 72792 149648 -142694
50113 -129063 -688527 1070844 531427 -507854 190579 -123721 -142407
-184407 -159674 -351911 724387 455815 -481083 72067 -140756 -141958
150833 -135424 -696257 1106615 266311 -304262 199648 -86909 -141450
35436 -134994 -290497 265026 374546 -271560 89080 -99227 -141372
-37158 -345 -660803 207168 1016494 -496478 191409 -115104 -140721
-81023 -124114 -341893 665966 907533 -544908 161773 39413 -140200
123812 -64231 -558699 113222 34961 -261598 138200 -32888 -139496
49265 -159021 -400464 743444 1019372 -268825 113199 -26737 -138032
90457 -141124 -691423 925066 83757 -475916 80696 -150799 -136569
206750 15154 -480205 95971 1125642 -420988 203087 -290812 -135884
145819 -84739 -497529 178461 -116675 -498090 77529 -49837 -133960
-25898 -155658 -558743 1052453 1207352 -397868 207295 -169849 -133643
110107 -91403 -592622 264276 1118466 -314728 78419 147989 -133429
-66304 -82935 -259807 354206 268338 -506649 169854 -140491 -132789
201152 -152466 -436352 1076241 641520 -514515 118392 -221121 -132630
-92379 -55944 -536413 237390 1048222 -504995 123231 -126150 -131253
63793 -47067 -698635 537794 1162171 -399900 159071 -281742 -130678
-35211 -84514 -576960 472013 1184208 -505780 138960 -120921 -130339
195280 -96235 -424619 966026 818972 -449635 134591 -65569 -130103
22125 -44905 -416916 481944 994809 -556711 64449 -106962 -129895
19828 -131454 -410355 388064 256648 -486786 158491 -191369 -129822
-138756 -92673 -645614 1309196 1193394 -331078 120034 36225 -128824
-15225 15063 -276178 268014 307915 -531259 102345 -106951 -127737
-106597 53641 -707062 173416 505275 -448373 110275 -230065 -126993
144208 -84279 -588305 264968 -30171 -375796 202625 -50557 -126363
165561 -143342 -609505 1433569 179370 -483960 105877 -38235 -126034
139041 -94213 -507627 374039 644544 -465479 151194 15662 -125989
41759 94161 -685729 384296 953677 -476642 194406 -191096 -125937
180445 -122980 -580299 1284870 1046308 -514480 57851 -45891 -125412
-171403 -85951 -465963 398718 560120 -503437 118371 -41907 -124851
158692 -56120 -440040 493041 1002530 -300873 80666 -71579 -124135
29915 -67146 -562059 393089 523740 -413208 197004 -255357 -123583
162014 -121347 -624923 92919 383414 -30430 125404 -111161 -122969
-185511 -158983 -628168 249970 139496 -128842 168500 -157547 -122822
-199405 -29879 -662525 985280 1157941 -516202 119155 -142983 -122723
8338 -110783 -646543 246880 583920 -11763 142642 -4655 -122382
-118801 -72857 -644996 438728 595880 -317892 63104 -84602 -122373
137312 -118430 -539900 566537 478337 -209300 157547 6942 -122207
-149367 -148009 -534890 1220429 149706 -449365 132100 -171330 -121945
165030 -97956 -367526 626164 740577 -409037 152556 -140903 -121812
95504 -115792 -450631 502638 1023764 -532338 122723 -365156 -121702
194405 -160098 -529270 236842 82721 -155782 151933 11959 -119821
19463 -68904 -656825 330716 362406 -365694 61082 -352596 -117751
11893 -145446 -452264 1107774 845067 -492231 90306 -160536 -117020
-128861 -151587 -635420 981392 1070343 -297365 155869 -186601 -116967
84266 -153859 -603795 1602148 751585 -313164 74202 -43655 -116741
-90853 -118649 -583007 701049 1086760 -323241 80932 -249783 -115859
61687 -73956 -666451 747574 865423 -442435 155316 -352044 -114098
61922 -53981 -499128 117122 594474 -243071 151564 -207960 -113630
216380 -125025 -349760 527217 -13304 -467081 58252 -151956 -113460
-194749 -94745 -323547 219526 1044050 -363147 136188 -91510 -111828
213101 -134770 -463023 292132 589079 -303443 103269 -102469 -111596
-154244 -118646 -519191 1275023 594403 -418906 85276 -130944 -111578
-189092 -159742 -423893 469842 495573 -128145 195698 -61470 -111551
144834 -27737 -462277 349286 151005 -285752 52317 -52495 -111018
-161860 -86673 -622608 1305030 1026265 -558519 193596 -240795 -110997
64116 -48959 -644156 162415 226787 -272196 93104 -27986 -110799
-48463 -112586 -422493 850145 496676 -553448 95761 -118894 -110434
136751 -122303 -579098 436122 -40116 -455945 136628 -475017 -110026
-142502 -67950 -577981 901041 751356 -167147 64974 -49407 -109405
-32854 -134203 -685152 1095424 877765 -371799 102738 -220609 -109178
6977 -89504 -279427 596498 215076 -403028 136146 -281158 -108673
-49155 -7577 -539926 597788 817640 -487478 169327 -123025 -107942
141548 -83254 -390862 752081 1207961 -376046 108863 -159335 -107534
-75547 -15887 -694669 821502 -87323 -445825 92628 25567 -107304
23206 -136156 -452254 808821 1200390 -153990 172664 -17619 -107139
-25359 -104382 -462035 270856 219339 -221543 45728 1154 -107088
190666 4904 -637827 562654 1085859 -410490 58507 32135 -106985
75413 -80183 -616837 431033 11655 -292254 135280 -46127 -106934
-21346 64371 -573560 223410 813284 -453943 180693 73723 -106840
-102205 -45947 -564276 381212 200753 -520704 52282 -169043 -106530
177337 37301 -641808 477638 254297 -315518 67174 -289583 -105456
105580 -59493 -654995 292630 -7559 -279742 79372 -178405 -105206
-73319 -128604 -360604 1187268 737146 -387115 154692 -256363 -104831
-157154 -17462 -465941 756954 597004 -360222 205088 -282101 -104829
-111330 -48200 -330161 216460 718642 -262214 194101 7891 -104550
-161776 -117427 -647684 1507509 519759 -480817 72851 -208993 -104365
65095 7629 -341838 548212 709406 -542105 155231 -398013 -104084
-40131 -23700 -687208 952821 1055834 -459191 151511 -175078 -102908
-163054 -141792 -262989 1126988 461387 -462639 48034 -255388 -102605
-148808 -75911 -526173 1344166 288338 -540267 141716 29310 -102406
-175017 -98047 -552469 771038 837761 -533851 158672 -154520 -102085
123685 -125292 -573705 627388 577064 -29530 83937 -124977 -102073
137118 -17544 -421738 354588 231901 -508057 197841 -19209 -101785
-105645 -79728 -681150 85628 582335 55576 89935 -19255 -101760
-178125 14301 -646050 683302 529324 -511133 185400 -1928 -101453
-187510 -75973 -499337 467937 634080 -267036 207959 10992 -101164
-119385 -79598 -704360 694449 1053773 -55940 146368 -289062 -100972
133415 -2697 -515992 892255 397809 -521386 157080 -415167 -100707
-152296 -120541 -589536 315395 1146524 -134395 189459 -20191 -100593
150677 160799 -642090 305140 1010518 -440528 61858 -46125 -100342
-113439 -135781 -307604 881531 1083986 -483828 177418 -187006 -100029
-173496 -43484 -308534 110157 603148 -416369 180657 -71836 -99589
-203729 -111474 -678696 1333618 317694 -269338 194151 -291803 -99502
15293 -121084 -449187 204527 967995 -96739 44702 -16632 -99176
176048 -60409 -674959 930764 365124 -208827 205856 -187483 -98291
-28052 -103500 -606095 330212 684863 -16254 52502 -178734 -98173
69965 -83007 -631840 717902 124366 -168800 77812 -53312 -98126
56076 -79370 -670859 1557224 835987 -497671 90005 -196725 -98100
-41517 -151844 -467514 667772 373791 -145288 188269 -157217 -97168
59380 139593 -589723 96334 1137971 -435276 92089 -68491 -96572
185240 -39840 -583387 1234272 328391 -442122 108020 -176887 -96352
-8321 18965 -705290 660715 316727 -354689 120661 -42052 -96098
-196793 114478 -549809 343420 325548 -536861 84345 -398916 -95999
-25845 27412 -564257 1274347 276668 -556237 56331 -60393 -95957
11504 -59347 -615865 500908 596394 -378720 201051 89463 -95786
-122045 80811 -262901 789810 1039428 -518715 201327 -259019 -95659
211328 -40642 -434315 1162216 46162 -546218 192156 13466 -95225
163347 -94307 -261803 469817 776179 -412328 62809 -185353 -95156
185459 -85309 -679214 643644 86851 -199131 186810 -201972 -95000
-156371 -95647 -290140 616192 727090 -146055 70085 -169396 -94806
-120659 76887 -544701 374111 120174 -531638 54142 -331580 -94548
108546 25553 -507650 388583 110283 -351721 145814 -190291 -93506
191355 -125075 -453381 1467625 1093853 -482960 77992 -78051 -93366
-78065 -37786 -681037 595085 518712 -321612 167538 -127986 -92726
34648 -105881 -653924 610275 612205 -254484 179090 -111936 -92652
123595 -15249 -573581 1594165 1041027 -525742 60309 -94139 -92370
-165279 2827 -442387 1016703 719908 -563010 132707 -202682 -91938
137840 22537 -599932 573303 365189 -363762 201892 -5154 -91934
-113179 -59171 -636372 1577348 4302 -445127 159719 -45474 -91691
39179 -78605 -381778 338823 858570 7237 107105 -62189 -91442
91338 -41173 -648716 1489303 685417 -435714 50688 -115465 -90587
-52659 -72729 -323853 621588 1171000 -191113 64823 10535 -90552
-7662 -117439 -514382 1393429 640114 -438419 69561 146182 -90516
-160579 77857 -709288 227277 178651 -495725 125584 -64597 -90316
-84300 -100967 -491624 822491 513228 -415504 189531 -321871 -90263
-129406 -146517 -512336 1124578 228178 -243769 184356 33369 -89983
91592 -58370 -668034 320050 58817 -140124 150592 32432 -89399
-112037 -76024 -493708 1482514 452038 -316911 59460 -102046 -89398
-84524 18212 -708705 231099 1101403 -87959 97220 -189948 -88924
10029 -72380 -613458 1264513 1193409 -413252 206980 -96727 -88826
164561 -113647 -300274 1321977 1004665 -344717 72980 -192977 -88079
43266 22332 -379647 769544 629672 -529566 149859 -68101 -87668
22265 96372 -517156 146649 -94154 -454195 183822 -271181 -87408
-124030 115374 -625527 531312 -33101 -172303 175006 -240000 -87315
-180433 -89447 -570244 414376 801830 -57804 97333 -64589 -87286
-118345 -107953 -290377 426020 626400 -336135 59001 -195495 -87280
8835 -79884 -461164 1552463 204766 -493746 172700 -71398 -87256
-35993 -108781 -597363 115841 809887 20687 58447 -106872 -87227
-203489 -50066 -380909 340580 450940 -302343 202902 -33314 -87163
-23586 -10978 -628548 450974 -82955 -91320 148251 -177492 -87148
-77263 -6330 -416976 603164 1110778 -450015 69400 -157991 -86925
-185865 -100026 -319324 1104730 1089026 -381203 178375 -343620 -86902
-10386 40419 -492064 752914 797204 -271599 45656 -155738 -86702
98199 -95691 -517221 550022 177118 -348494 54345 -96615 -86322
-62802 -74552 -498626 801647 990482 -185573 102641 -100749 -86104
149691 -57571 -266839 1227732 672495 -537798 158124 -83158 -86010
132000 -156845 -296627 747416 568713 -270233 177391 -170772 -85964
136000 -149859 -313963 1488518 884135 -503453 193507 -64207 -85958
76887 -142662 -537436 555136 1046378 -206536 72378 -101918 -85841
38148 -149845 -575517 1182892 583706 32223 196344 22308 -85618
118291 -113943 -347892 628141 71406 -542032 122903 -212468 -85428
37577 -158431 -646540 1217327 -18744 -164052 191842 -22262 -85318
-179999 43239 -701823 798403 95613 -370981 106269 28640 -84616
-189765 -136986 -326485 380502 155724 -84289 110300 54414 -84535
157375 -138850 -416903 978002 -27046 -162348 76629 -72610 -84169
109110 -116327 -644831 1084181 764329 -101599 164075 -70546 -83240
-94991 59305 -510121 111536 508703 -277420 186887 46814 -82714
105765 -66970 -572465 324621 997386 -130110 191588 -56307 -82694
122407 -74023 -352826 497236 680664 -311538 134586 -3431 -82679
-61196 -127054 -380868 107534 731022 -28774 196118 -219788 -82516
-81764 -116442 -520322 911635 -90742 -10151 157075 -156143 -82329
208416 -87455 -346827 175807 170713 53892 105271 -174473 -82242
-101645 -120465 -302365 669106 743953 -107367 127289 -44459 -81887
164552 -99590 -489617 587327 280820 -152970 187400 -83262 -81838
-20155 -60894 -645539 784243 411059 -296292 118995 18145 -81783
-128326 -74085 -553766 339933 1022523 -100191 154892 -162646 -81202
-24902 121648 -586468 243750 124955 -289838 74423 -75054 -81109
211325 -128891 -495941 1193145 445192 -99977 204923 33820 -80742
187170 29085 -468876 203252 -90174 -186753 148383 -237321 -80636
-88838 -57203 -405158 1433613 568076 -431347 172182 78468 -80618
-130906 1068 -438290 378179 624375 -290099 161397 -65484 -80547
-29200 100542 -658783 565733 1066081 -471820 46601 -13411 -80468
153811 -125222 -421545 1596367 80400 -323706 94785 -91096 -80452
74000 -83381 -357800 1614080 380652 -528687 134609 -174423 -80450
-42729 -136712 -589277 1412373 33888 -247571 57627 67144 -80387
-109840 -124026 -537893 206595 -102265 -64547 149048 -221638 -80199
-125159 -23755 -500571 439431 508642 -257491 204823 112220 -79510
-151682 -133448 -401107 653381 34782 -354485 163176 -58241 -79496
172688 -104682 -501759 1295353 299145 -317346 209687 -103595 -79367
148713 -61691 -383305 1263282 236926 -429882 194509 -125411 -79269
-59470 9412 -262188 160296 494377 -553836 127793 -129826 -79108
148374 -46270 -426350 546957 686379 -404981 48759 -148864 -79070
-144422 -113680 -531373 1533858 -74977 -359801 164733 -22833 -78834
175538 -25392 -629058 230507 327946 -56580 45870 -204476 -78514
-16739 -30482 -382035 872251 800979 -300707 57789 -172536 -78418
-165611 61634 -416516 117233 645625 -411777 128702 -202204 -78335
145275 -102444 -673596 670993 713183 -83146 61753 -283491 -78313
203022 -31383 -356144 1277549 686714 -379142 106262 -100042 -78145
-36030 24190 -475329 282807 607869 -443328 85483 -192232 -78071
-38161 -21488 -572607 1152491 352980 -422526 169107 -84008 -78050
67324 55665 -528012 1047925 1132597 -388242 78835 108720 -77792
-179341 -38206 -517467 1245519 1159903 -282947 120181 -179545 -77652
117191 -107584 -357719 522571 -70567 -90037 113838 90786 -77502
159929 -86069 -705727 1519935 82515 -277304 54014 -178677 -77388
-69583 -57990 -364260 135006 101724 -93161 116981 -113384 -77366
-87563 2823 -380196 868564 659434 -532445 131175 -167813 -77161
72786 -54260 -510779 719579 -107001 -295921 108777 -6719 -76873
-186283 20540 -313872 1377800 456895 -553741 91131 -43227 -76791
150388 -64985 -426544 1272813 600658 -540149 206634 39275 -76397
-204072 106980 -446922 627123 1109963 -536558 158224 3349 -76320
-38172 -58442 -283940 403258 500532 -455751 60787 -213491 -76008
-170934 57088 -462212 281722 824139 -513770 195598 -76549 -75940
-33861 -148329 -365992 1419749 960727 -245248 186949 -122429 -75690
-177958 -75411 -692784 881903 1054792 -57449 107152 -24733 -75613
-16256 41518 -610986 273229 -97835 -240000 143927 -215985 -75249
-51332 -72513 -434145 1137584 854666 -310180 96246 -206697 -75238
-94544 -47522 -404601 626425 624530 -168598 182329 -76311 -74866
-188441 -145478 -659162 1496039 522794 -68748 139610 -152559 -74864
58960 38217 -372101 504937 731502 -503038 190930 -42332 -74797
134510 -156268 -264951 118728 592962 -163945 81974 226827 -74775
168492 -103129 -613961 720736 999102 -114297 170827 -229965 -74774
181194 36076 -686509 883697 483254 -286468 200794 98485 -74292
95637 -44166 -591274 224091 403810 26500 60386 -19459 -74020
-150922 -150142 -346671 826245 989481 -111915 84991 -119835 -74009
-185320 -106983 -527568 1151835 728419 -276435 154152 -334783 -73957
-176773 -17227 -511531 289274 202805 -158662 46869 200031 -73534
-81264 20029 -705893 270730 -38342 -118858 49791 -277416 -73444
114261 -36623 -675799 384425 838870 35180 44589 -101238 -73132
152107 -124744 -615923 1539945 567164 -354929 51224 -152920 -72873
-82572 -87422 -632532 1059556 357164 -220357 93964 -139010 -72829
-63734 6887 -691573 773415 1057737 -476636 192925 -351112 -72689
987 -152631 -489270 945314 424014 -296111 46185 -188067 -72561
-147284 14343 -346425 283059 648419 -420301 97007 -291172 -72490
-173660 -143643 -372943 1109677 -109602 -267461 46473 40606 -72490
23513 -54055 -282390 523223 -90566 -271904 152974 -183453 -72455
-12692 -128659 -456560 128470 956351 61866 141265 -98690 -72446
-175400 -100147 -305359 495696 171169 -241309 192628 32276 -72425
114900 -43932 -468611 394947 224885 -57328 119298 -132821 -72217
-71710 -116379 -445790 1509308 1003949 -164357 141666 -114277 -72025
-151566 -54645 -356536 443097 375811 -362915 45189 -105816 -71900
172430 -95432 -512128 656382 264026 18759 55772 -91342 -71637
-106698 -58752 -371433 884737 417673 -253770 147873 -256294 -71363
24396 -75759 -436280 545045 977842 -91582 128035 -214744 -71225
168206 -153375 -589655 736678 369948 -110862 76900 -198713 -71177
62815 46497 -639395 1371045 398717 -515542 74036 72891 -70722
-106597 -54365 -456334 811584 856837 -291168 95986 -227327 -70607
-30484 -65929 -449041 738643 -92326 -356156 166125 38381 -70452
51982 100340 -633367 233158 1146056 -229718 140766 -4220 -70087
-128695 22433 -676555 888389 487047 -473070 47568 -176980 -69762
-7769 -50990 -538386 374334 925170 48044 56427 -121649 -69674
-118922 -117322 -581979 1342645 743985 -160317 71062 -80159 -69608
-120986 -50104 -664677 954954 1027145 -165514 49583 -291691 -69570
-604 -62802 -549623 1060237 609522 -192430 111486 -332714 -69313
30879 151972 -703812 135199 2643 -300776 207949 -88519 -69217
-25250 28727 -309697 1202414 957450 -480307 142779 -208576 -68647
-13237 -57330 -568442 235477 32663 -228526 154871 -356979 -68642
108938 -121678 -585831 1645556 737209 -202066 140900 -161355 -68443
27832 -112398 -495652 1217390 738223 -340222 70629 -40106 -68127
123241 -40926 -519451 751145 523687 -245291 125469 -62830 -68081
-159942 29092 -608645 142697 -52632 -345760 98780 -140695 -67981
-199525 99299 -292425 482234 309047 -550122 107954 -159183 -67579
38368 -27871 -607730 770532 1003777 -7065 113941 -141573 -66829
-87500 27400 -563500 745235 968941 -367123 139462 -261082 -66774
-77783 -5401 -503078 295552 623381 -299913 127068 -134153 -66725
26875 62942 -467456 503603 840722 -307247 132493 -154846 -66657
-157121 -91066 -439343 278518 127362 -14006 80351 24907 -66474
93015 67040 -484629 354036 442308 -380298 168453 -149717 -66457
-15845 -31665 -531892 631937 132734 -206957 192233 -240300 -66360
3490 -28382 -327969 1214044 1123940 -523941 63659 -272417 -66344
102058 -2168 -290798 161612 577934 -483325 67546 -112461 -66178
39508 -40000 -660761 1546180 17347 -333662 206323 -185242 -66141
95166 55611 -549201 740310 616038 -119044 82323 -38432 -66129
114712 -119475 -563526 1481507 17345 -433398 195883 -74866 -66095
-134265 -123313 -623330 918100 1051323 -37218 101821 50632 -65723
-52986 91406 -551111 269474 970210 -401887 77237 -195229 -65160
-22080 -40131 -438981 815328 254882 -190796 47959 -65848 -65086
60250 -54140 -358745 275453 -43977 -129973 134370 -1010 -64927
150118 -89358 -556405 1373653 600129 -97296 107987 -96058 -64874
-55340 -115312 -605952 1316856 1039473 -38152 102993 -388197 -64638
-72507 -108783 -591714 1623131 217165 -332645 146300 92490 -64364
164162 140775 -527489 150522 994839 -295694 196862 -232607 -64125
153262 37792 -459825 451690 948244 -261432 184787 -30925 -63967
147225 46334 -485614 776244 1099025 -527453 46627 -80511 -63932
-149981 14645 -577755 173036 436138 -211079 148836 -188619 -63809
155726 193759 -644184 729530 963144 -492131 184554 18361 -63476
-102874 -115783 -534743 1076815 179952 -16576 204628 52060 -63347
-19983 -123653 -613180 1513913 276879 -270352 139911 126854 -62478
121442 133351 -334995 286428 161761 -554678 121056 -1837 -62388
-161856 -69204 -543517 830825 1193384 -67692 142023 -405685 -61961
171013 -125022 -262826 1265294 1097235 -407396 170473 13927 -61944
58880 51232 -316471 153269 1122089 -469119 81898 -96490 -61917
-146776 100649 -686669 905160 716788 -434270 151125 -51590 -61757
77837 5480 -542210 414795 822653 -306416 200503 -314362 -61734
-61835 -14608 -495857 982588 491050 -260780 77832 -473823 -61666
-27163 -124085 -530702 1619842 444468 -192816 136176 -340724 -61648
-7368 30902 -432576 267778 153320 -267752 57922 -97561 -61424
-36636 -117436 -616653 1547841 1013606 8493 97522 -32384 -61410
122272 -133314 -488177 978621 183014 41604 171536 -166921 -61124
-127974 10629 -698430 1593045 485865 -393506 57841 104044 -60908
45391 195962 -661036 99090 796140 -300131 139484 -218383 -60859
105025 -10777 -523079 665342 218842 -162939 52177 -89390 -60545
176771 170526 -608956 591142 706792 -551180 136288 -182908 -60342
-129349 186059 -662146 600564 536058 -496445 169489 -175141 -60284
8415 40803 -649927 82629 1188815 -153004 157495 77517 -60228
-117744 8269 -709021 789251 433102 -262271 82947 -62768 -60072
69108 111004 -710965 532190 -47473 -432630 48809 -143517 -59287
-5083 -2387 -478822 1494288 829936 -448683 181943 25930 -58924
-61463 -156151 -512276 1068650 465343 -17797 169859 82034 -58846
-12563 111446 -605332 485897 937112 -328542 94106 -288108 -58775
-166324 62961 -339472 573531 982127 -410890 128844 85540 -58354
-23170 -86116 -544860 370650 301746 -70781 159230 -27721 -58120
74679 18987 -285217 149680 800381 -403526 116851 -132474 -58071
-158942 27466 -394367 365439 641467 7401 154451 -60877 -57916
-22350 -95985 -613716 511986 1134840 -10421 155540 -272537 -57786
-184984 112691 -547428 981760 1040935 -562825 46035 -292443 -57778
-79228 -117597 -307526 1577986 465245 -517240 206513 -154398 -57679
38058 -18637 -263156 1109419 996069 -424362 125208 -67224 -57523
53396 49541 -408420 558728 906836 -383995 43933 -198316 -57520
200994 78586 -590043 457990 1035253 -355437 67472 -220834 -57496
-13699 123989 -626168 639278 605260 -453511 198752 -120648 -57035
-46790 107093 -501736 90622 494474 -271882 208172 -212067 -56697
-146370 31260 -296554 872844 159084 -336267 143660 -211002 -56173
-137450 -48420 -537507 1366093 575672 -231230 190389 -3626 -56073
164966 97601 -635198 1591133 164979 -492928 207009 -53279 -55281
18973 -52131 -297499 1304857 1099023 -482413 209179 -17391 -55053
-128045 -77228 -527868 1266049 475923 -368085 87709 14291 -54742
-33921 -48127 -295786 560561 740088 -197116 179439 -379151 -54609
39752 64840 -569238 984851 26098 -416638 67179 -351194 -54556
-131320 -26675 -292126 304440 29687 -296420 164705 -23962 -53809
108332 65101 -694188 477886 176086 -119917 116468 -113226 -53611
-48389 87778 -429433 398577 -115521 -465669 150139 35790 -53328
173022 88514 -652192 262092 1054497 27704 89277 -148330 -52699
37284 -61629 -382895 269821 1031343 802 139206 -143694 -52567
38197 94791 -561046 154234 214899 -271896 105717 -193183 -51952
79518 4263 -511151 94756 28691 36221 86206 -277782 -51925
72190 27109 -347070 1568552 362319 -524590 66889 -64981 -51750
-60239 20191 -475563 1394865 228801 -546838 55271 -9195 -51730
-119706 -142674 -434817 835567 452022 -66242 158201 -245184 -51728
-18155 -62266 -401870 1330825 -108044 -237408 55213 -243916 -51485
20371 -38328 -478565 513748 1054284 -51478 174788 33512 -51423
94315 103333 -565282 715101 91848 -229121 110543 -46539 -51253
-150603 152725 -634445 184156 1049386 -191486 106000 -120118 -50955
163808 1477 -643180 955497 56699 -113835 183872 -271624 -50828
198906 -71491 -487058 853952 510402 -168701 57387 88758 -50471
-201419 25208 -306384 926216 735155 -479088 101535 -44808 -50428
-129209 103242 -619225 686445 824186 -129912 102064 -53707 -49910
-57411 57831 -424663 1289394 282242 -548208 180674 -273614 -49664
142121 -72850 -501828 1082740 495365 -246547 171968 37373 -49471
150169 -994 -530880 1662800 1095108 -556750 99096 -271605 -49250
189109 -10108 -686982 846382 1037292 -115415 182561 40097 -49124
-4167 62385 -691086 767556 71847 -354667 175689 -57006 -48882
109568 203073 -500333 1032292 944681 -519662 152688 -323717 -48881
-22865 -2681 -411236 483945 323846 -258657 94968 -236493 -48841
-83229 22118 -356437 104245 473108 -155460 185089 -247091 -48769
-107964 -145661 -515692 1157759 182245 -102055 127768 -133125 -48352
-57473 128801 -321665 103123 12489 -327277 201673 -12510 -47941
-94213 -150683 -264169 1169716 795367 -71734 63879 -170543 -47926
68134 11478 -436315 660731 295181 -106398 67967 -186080 -47813
-71080 -111413 -358795 1134482 12598 -200807 137082 -127404 -47786
35306 -37431 -298007 286005 109299 -322034 104792 -76293 -47720
-86688 -119268 -447049 976343 624437 9880 199278 -90979 -47702
32351 79897 -668753 971700 595394 -125615 87350 -72858 -47558
-29646 -141313 -293927 1583071 559816 -190957 147969 -40998 -47211
-121804 35163 -352675 426507 106819 -330665 184395 -265044 -46497
-195066 8843 -421178 1664407 801020 -552676 51728 -21678 -46453
-668 146489 -508566 329544 792481 -460394 117989 -340425 -45522
91676 25678 -511768 1245889 38371 -334706 113991 -123664 -45508
209208 -73168 -428229 1082286 956737 -73673 142436 -230596 -45331
91459 -15392 -573242 802250 590914 -176832 157426 -174222 -45137
28980 -139738 -464095 1551437 249551 -105975 178293 18310 -44854
61103 78079 -413367 584535 -116217 -560710 179762 -3973 -44500
49431 -8877 -655135 1665258 900596 -110502 122267 61101 -44151
-54515 -48651 -671916 819392 144560 51845 145641 -21526 -44036
-2594 164349 -571550 645781 1168318 -493674 54044 -139179 -44022
-170702 51785 -367098 952809 785887 -195060 83161 -68315 -43852
12646 84656 -691445 372494 875462 -298996 84913 -157844 -43648
-100067 -22048 -349359 1438269 330882 -530462 183323 3072 -43600
-140682 212225 -610537 99795 772421 -543750 107546 46796 -43573
98797 47362 -362605 1263393 -5573 -551315 43995 -192792 -43519
-190169 -8246 -421972 1203937 592733 -340022 44545 -202386 -43430
-2357 -76036 -361779 110529 776577 22714 180431 -12744 -43361
-85547 -80918 -603177 1149648 466653 -50365 51364 5709 -43251
125959 -29653 -676712 1523612 1166336 -131385 116217 -157749 -43200
132492 -1074 -510619 1088632 972588 -36256 168233 -80356 -43086
129389 11292 -430980 363154 1079112 2558 159150 -269576 -42876
-126514 -50563 -399667 529496 -18940 24506 150505 -220238 -42567
167233 200230 -699071 802946 -2271 -379303 63913 -308324 -42518
201670 29116 -437449 854412 892775 -348110 83739 -122277 -41463
68425 189707 -418994 192411 -110543 -527327 98983 3510 -40920
-187180 27078 -524982 174122 -99255 -85118 124595 -174136 -40887
21228 -10473 -350272 343144 772672 18957 128134 -317969 -40882
15305 -4044 -525924 136722 966044 -119847 142281 -7640 -40803
3023 162729 -415849 1343179 85769 -560067 67820 -293018 -40486
141906 60742 -642097 782694 759253 -366773 73315 -343766 -40154
118219 -30580 -334781 194495 -103516 -183310 115444 -57945 -39733
-59069 -114264 -393442 442482 331250 9039 152100 -21165 -39647
153181 -84316 -280963 1312118 851329 -208651 167130 -14129 -39512
29465 -95529 -273966 1177850 473216 -158114 150105 -28558 -39511
135690 142991 -655095 639906 -64864 -333107 54648 -126105 -39494
-195359 130746 -455361 553963 206896 -474359 208705 -430870 -39446
-35952 90375 -581462 79695 368357 -222439 83243 -237536 -39341
152683 32003 -530504 597972 1200789 -31010 46403 -139546 -38731
-168161 -60483 -397682 828295 876928 -155096 49694 -269832 -38606
149999 -109032 -365370 1016665 769847 18106 60772 -231553 -38533
95623 93915 -622271 701712 -64501 -321112 193091 -69747 -38529
9308 146422 -444671 555416 845852 -517654 82412 -301228 -38479
-134889 70364 -603797 84589 861610 -157569 46670 -266634 -38202
-67438 120456 -585673 238979 254669 -258616 116704 -9066 -38105
-169060 85075 -591422 1567787 976354 -438660 75648 -163931 -38033
8690 135912 -285025 681694 531135 -502699 94276 -4834 -37922
143957 -54466 -340370 308396 1030214 16163 161384 -290384 -37444
95556 -154418 -420941 1556052 310819 -86354 52635 -199381 -36891
154163 190279 -604579 179220 1076527 -206900 174573 -353831 -36564
-196402 21770 -261868 1061906 711442 -374518 203231 -117164 -36417
172211 -13634 -576488 877365 845189 -130211 191687 -293066 -36252
199566 -145929 -373522 1434276 -85732 -122250 142721 -106952 -36175
-1309 207172 -488511 637606 1129884 -492655 141245 -62833 -36081
44630 64596 -449350 382651 440631 -182271 150249 -104281 -36037
73428 12503 -522733 1620598 423043 -287910 61038 -253260 -35698
-152644 28828 -482331 171346 636202 -8069 155636 -62773 -35539
29107 -14889 -665707 1088305 840190 -35872 136967 -64290 -35429
-131144 40400 -518189 526017 182544 -195224 122181 -93732 -35420
89671 58040 -631445 1222973 1110640 -425351 67511 -234021 -35336
99926 120019 -636670 921255 71288 -504883 183356 -49713 -35172
36695 -84946 -313857 1342636 -100609 -410997 180719 -230955 -34930
-175066 206912 -607586 250243 1104791 -513457 60413 -242559 -34121
-144662 202513 -640191 985006 310497 -434453 132355 -64356 -33983
116013 44406 -640431 1321996 1084941 -232567 70506 86477 -33688
84931 105567 -359443 1152147 531382 -377246 169261 -57 -33569
-162478 -28771 -492270 1108922 417392 -104988 166862 116632 -33393
-190203 -53241 -295075 589473 68209 -7013 95725 -154785 -33232
-167496 33193 -567330 617197 351800 -32715 163360 13609 -33199
-16011 193770 -630503 78934 975083 -163975 47133 24812 -33058
46198 4457 -502167 973837 330541 9815 92208 -29494 -32532
-61377 108439 -361348 667905 1203685 -508436 120746 -193129 -32010
69855 -83652 -653518 1333306 1132001 -79834 143560 -204963 -31868
-107536 83269 -318780 954322 671709 -356611 164272 -52064 -31520
-67496 31917 -348327 339465 120765 -178368 205482 -116203 -31415
-11949 46515 -486506 570765 553990 -16233 98948 -83699 -31350
-180642 191373 -475570 684559 706895 -482876 112674 -100458 -31265
182645 100045 -666980 524565 785513 8333 147924 221375 -31155
103672 45421 -639702 1360045 980645 -187922 194838 -139801 -31145
129136 -44787 -408920 1346279 12108 -262986 61755 35342 -31104
-181527 134837 -549104 962210 1105965 -446719 201563 -18022 -30993
-81728 63133 -689223 1345863 1008410 -454728 191963 -162150 -30673
-67653 -112929 -279281 1110452 -74066 -134814 61072 -149208 -30535
186256 61472 -297933 922859 -59789 -291722 193487 -185287 -30481
-177787 -149991 -460526 1551725 1151860 -37763 149288 -171635 -30064
-50929 19540 -671229 746679 147335 -108927 168115 -321589 -30001
35770 -92768 -546368 1659494 781733 -44245 61763 81175 -29825
-67491 24723 -604345 653600 226556 -7473 44468 177598 -29563
134066 -10488 -314183 836057 -54658 -308965 47728 -36856 -29145
-65349 92735 -499017 128063 955943 -182846 95524 -147857 -29128
-118327 49690 -430783 197974 -3265 -34076 170851 -88669 -28780
-5827 187468 -709167 810962 691447 -519870 91309 -135716 -28629
-47320 13112 -589591 1590322 1123151 -458697 64174 -145643 -28034
-163058 -70221 -568377 1380628 413104 -154615 168871 -45098 -28030
10411 19817 -685406 779189 383082 -173648 150385 -253546 -27789
146716 188553 -640258 204972 536374 -229481 173759 37637 -27569
32368 145044 -533971 1478450 869031 -409414 81480 -96619 -27522
114330 -73689 -307238 1405478 1210896 -59650 107650 -172701 -27403
208806 154868 -587553 291786 343237 -68972 69693 -91855 -26964
-107639 -56374 -632659 1013325 -74773 -20937 84592 -75249 -26914
177976 28628 -576827 1269202 1185674 -138957 67337 -132678 -26834
141543 213620 -620318 257500 169993 -402205 122919 8838 -26756
50487 -101325 -415914 1409956 499453 -346594 104821 -156281 -26542
185687 126717 -648501 711132 -73643 -322923 170807 50152 -26490
214050 101281 -666462 633818 211421 -64784 208945 89482 -26375
-55374 41907 -450539 1045734 569870 -111768 105431 31355 -26139
68194 108914 -680715 533470 1034117 -145725 201734 -129920 -25981
49439 -25233 -556769 1456007 1114923 -78810 118810 -285122 -25920
190949 -2100 -310468 1010422 80863 -153010 198603 -7503 -25890
104127 90296 -468296 720684 564641 -347676 116803 -143799 -25757
9343 -6727 -334769 854087 598757 -310137 151649 -153865 -25631
94011 56556 -640211 1584656 1058333 -270686 109019 -211390 -25536
123925 206352 -522158 464161 631627 -346380 47558 -277677 -25442
116047 43364 -592244 1504615 898728 -332461 100405 -163391 -25379
-152234 184015 -520703 370770 128328 -284699 93653 65548 -25214
149111 23314 -466624 724544 888449 -280294 135990 -144876 -24863
-102090 163806 -634624 1242220 25344 -545736 143846 -54450 -24518
-6088 205106 -298747 656779 1072644 -465746 59656 -205774 -24376
188723 -5702 -279412 597027 689497 -261007 71726 -144387 -24280
196717 215406 -325064 177898 959271 -549308 98924 -286051 -24015
138551 56128 -442096 1052020 615683 -178975 52569 -262997 -23559
-64193 156812 -605518 766185 1093153 -62699 47043 -72661 -23329
165731 124168 -672512 144770 1179475 -39546 138745 -183144 -22941
-76242 50162 -440419 1055796 764308 -119870 68801 210838 -22805
214825 24593 -612990 272703 503539 -96077 76318 -211358 -22525
-40315 11476 -564605 950433 472273 -229603 185840 -141892 -22427
44536 192844 -463648 924810 268967 -543153 153151 10571 -22091
56841 -117312 -325150 1558278 -12580 -76630 156644 -15132 -21885
-19413 155016 -690779 612780 235650 -8873 90755 -5938 -21520
-46335 103170 -573380 194581 90238 -122958 155145 19221 -21211
31246 86574 -258016 88378 786958 -93898 191334 -59454 -21193
103557 162515 -474323 631558 530616 -505420 198989 -247798 -20610
-186918 -82973 -414976 935313 1115717 -167742 124443 -193323 -20085
178444 71985 -321491 1243334 1166628 -485290 132244 -79052 -20002
-90980 95711 -685512 632787 39283 -118696 86033 122170 -19723
78698 111552 -397098 1229841 302664 -315378 53660 -58210 -19589
-167449 84045 -268797 854268 954977 -423404 95134 -454673 -19422
-59637 -139705 -400067 1365544 220299 -24885 101839 -265201 -19156
186944 95847 -392067 415292 1058939 -267589 153340 -341099 -19079
-92993 197847 -583668 349886 692819 -331584 61153 -4684 -19053
41878 210762 -345068 565233 370180 -459653 115647 -66678 -18955
-90746 130706 -532494 1657489 398313 -496988 126797 -68737 -18935
-58462 -59594 -514148 1161936 228435 -42691 90583 -8386 -18823
69500 91174 -412917 822980 978618 -327077 150529 105940 -18657
113707 47474 -506298 320311 -52324 -70127 200210 40428 -18537
215795 220759 -376206 163654 -83835 -413762 153241 -180353 -18501
35909 26809 -304485 111549 884438 50034 165078 -233019 -18394
195221 96922 -388464 646360 127044 -238472 179277 -168731 -18370
-36331 99650 -257039 952918 330780 -484015 150417 -125848 -18331
136589 153347 -319611 821769 829585 -367176 123342 -48259 -17688
175150 -18330 -334485 1104954 -18933 -93173 186056 -121489 -17602
-17687 -28238 -564713 242382 814973 16197 199117 -75152 -17513
-53463 94001 -533079 994356 593591 -135105 79473 -52385 -17294
-181189 -38065 -472842 1534632 232367 -272171 197166 -151541 -17242
99522 -48268 -332869 1132856 744270 -104543 75902 19979 -17081
-91190 69707 -654038 324146 792505 -36839 148777 -307317 -17057
-15982 91074 -364301 942914 781544 -285191 104792 -3641 -16650
99810 123073 -570700 1155217 804296 -360865 160797 -152263 -16650
-116654 147265 -480848 118292 1012076 -245548 186650 -78261 -16395
39555 -92208 -576158 1585483 489084 -125244 54587 -146247 -16045
-56025 184938 -661331 1262328 191509 -508591 98173 57434 -15878
-167414 164055 -315756 313145 736659 -361799 104817 -269134 -15828
-129729 50359 -489776 524099 320761 -152725 201643 -138769 -15773
-86820 25560 -393342 492034 627295 -145749 64183 245013 -15715
67549 3294 -619349 763758 -54395 28507 71889 -217735 -15650
-178747 213370 -459703 159311 437047 -322838 136873 -86456 -15650
-167490 101809 -267378 479828 324941 -420561 108365 -32975 -15609
-143762 -48163 -579016 1575589 308900 -239583 155224 -114564 -15432
-77775 101866 -372203 1423789 575604 -533357 80414 -5558 -15257
-109341 -71675 -438929 1104526 137985 54611 75313 -201663 -15140
-78614 -34781 -512356 767842 84801 -22014 192077 -95074 -15029
-69663 171569 -690486 772404 1061560 -137380 168512 -111583 -14775
101493 154415 -534629 543849 -115396 -104084 112328 -61421 -14535
133100 -132535 -366751 1039099 102637 53318 171817 -33788 -14348
63070 162317 -581883 103872 241892 -21894 158190 -90705 -14229
103455 175512 -486718 971359 890729 -459487 164284 -125563 -14142
-10110 113199 -623331 1353154 -106589 -227879 179308 -88549 -13986
-112483 175464 -707508 725270 406654 -431847 153355 -216605 -13926
170535 70188 -601708 1603591 1047899 -425141 141661 -170717 -13699
199468 160773 -363822 292819 1173100 -106466 125154 -128040 -13480
-10335 148220 -481495 1150110 192116 -513257 148935 -7730 -13213
-30397 57542 -306944 192040 109307 -206851 157775 100079 -13120
-26546 195860 -646020 473829 1065704 -293711 113378 -111485 -13071
165402 -37893 -340109 1634192 352750 -177493 195459 -25482 -13039
-116333 160157 -673786 481870 489654 -127887 179322 -107931 -12849
9734 158594 -409559 662766 345867 -469790 156128 -41684 -12828
-155627 -32668 -548208 1009461 849126 -24246 114604 -241496 -12600
200570 184060 -625677 297927 -29043 -193976 91918 -164573 -12520
-143472 63809 -394019 495474 410725 -140928 75729 -151070 -12468
25475 111240 -425459 1364031 927979 -536605 129512 -354626 -12349
-130295 77018 -569370 1068748 932183 -124651 123342 -189918 -12065
-13715 59720 -389450 1047713 68988 -365090 118723 27428 -12037
-90938 46217 -330141 1165593 854153 -213599 188131 -158074 -11927
-45160 189633 -640450 738652 242876 -456344 87925 -270384 -11737
-100553 -16577 -500466 1006338 321420 40734 84472 -135841 -11680
-96536 72607 -547598 1250050 726422 -93415 112465 -91954 -11607
39752 147125 -569969 918995 -76549 -262182 52335 -319905 -11569
-29290 164539 -371145 868597 -56849 -488990 188124 -121138 -11149
15036 120009 -287706 698944 890892 -336118 184847 -225815 -11116
100131 127171 -468057 412565 214554 -73144 201364 -108171 -10752
-152353 61293 -422979 245833 847296 42558 88954 -208149 -10428
43339 194410 -528387 1313738 768361 -467246 189899 -164578 -10407
21739 15983 -499372 1585808 -103184 -360262 91350 -37903 -10306
-71803 41627 -406895 652561 231985 -30544 141111 -91394 -10176
31409 85545 -602660 1113679 657971 -222793 125317 -123348 -10132
210012 138914 -564710 158062 1150464 -42299 135305 -112668 -9998
-52387 10097 -457571 1018166 38222 -254799 189394 4975 -9929
-5435 -108580 -294281 1445051 244000 -73569 153664 10981 -9548
191995 -5569 -544581 1614319 408935 -154775 180352 -149277 -8978
47476 106981 -688349 329912 513713 -157581 132669 -228097 -8893
182273 -97484 -322765 976268 354059 49675 98528 -201990 -8862
74741 114251 -429382 877667 1207088 -475705 206661 -144832 -8754
153665 108510 -640486 1277073 608784 -59261 148698 40287 -8742
-26446 213270 -600558 649869 1089083 -410440 91241 -181501 -8610
184124 -20261 -498207 1095673 325716 -13318 196533 -227483 -8210
165453 26205 -518581 1491329 1204377 -52788 166816 -207388 -8055
104733 54372 -325746 211985 1153789 24474 144568 -64858 -7959
8648 123390 -363750 145099 160283 -86326 125645 33630 -7851
73195 216255 -490060 606358 1117654 -291211 201206 -143394 -7541
80172 123625 -289872 759189 850635 -283422 108455 -67385 -7305
-151302 -110784 -265836 1604414 429725 -105232 67766 -255373 -6944
91975 145107 -601128 794678 1115608 -80038 45195 -169885 -6781
-122222 46567 -384203 1651312 134212 -428486 56514 -42424 -6730
202249 -92506 -269181 1333465 939890 50391 104195 -43558 -6678
38067 56110 -304520 1096216 -100368 -324365 88740 -127434 -6642
131056 20997 -413465 1646196 461711 -254087 116854 -59104 -6530
106799 166110 -625044 946864 1140413 -130665 201227 -206173 -6115
-14336 34291 -469547 883585 1150919 -181155 86765 -127268 -6115
-161212 38285 -283205 1104872 351908 -293834 124903 -226129 -6025
-137499 58606 -338936 1226543 626266 -193395 82790 -122570 -5764
176660 -11803 -325457 1520754 151588 -284528 78701 -84955 -4852
-18825 72870 -508840 621283 224363 -169991 56783 -193698 -4669
-63633 -87922 -259410 1437398 563466 -86651 153590 -118893 -4644
184177 64067 -690868 1410322 1022612 -86598 134751 -118284 -4636
179034 -115443 -315322 1456992 549202 -56647 160405 -188395 -4158
63770 187566 -696574 980232 397965 -137856 96126 -69717 -3688
-64764 62622 -592335 851378 218242 -24309 73099 111633 -3668
2041 51189 -561415 930020 160870 -265593 83601 -160146 -3664
-88348 62649 -434293 1654467 1090823 -245625 132689 -39512 -3541
-30224 111967 -592251 808273 13154 -289913 202586 -234657 -3345
79804 179618 -629720 426303 973587 6195 117912 -349517 -3303
-20096 36064 -346308 1218328 -60085 -138377 114230 -163207 -3252
173664 103822 -406890 421806 76145 -140305 104408 -263759 -3098
-134078 49361 -519491 335899 1055938 2941 140029 -53815 -3015
52901 39180 -513779 561946 458656 47141 67185 39335 -2964
40471 -63209 -318502 1664189 -17814 -168315 162568 65953 -2963
-30274 216274 -560917 367495 180475 -392034 104215 -48341 -2747
158665 130914 -371479 947630 567476 -288755 149109 -32722 -2724
-132037 61640 -565357 1436387 1054852 -329344 140722 -299111 -2621
-135003 23278 -465510 1315388 745502 -136345 191639 -416613 -2406
-157324 96133 -566609 757182 579145 -149606 57900 -303189 -2199
206756 182847 -316049 1238757 361634 -463939 205440 52954 -2084
162371 39393 -672453 1494076 215864 22524 73382 -237259 -2055
105966 150447 -378805 1096222 1088866 -461517 95204 -32001 -1674
72351 196201 -537319 1614671 -40232 -434817 139067 -20554 -1603
-163710 42249 -629225 1079029 155987 -42522 147644 -80449 -1488
7566 156622 -364024 472689 807409 -90416 117973 -172817 -1138
8311 113649 -541746 1000088 828525 -53528 126853 88905 -1034
153956 80382 -420892 236836 630297 -16663 145571 -258365 -951
204878 178047 -286696 1037590 197117 -552063 92372 -42078 -913
143034 -95370 -322256 1014853 239026 -138204 190963 9107 -913
-129485 40869 -311417 1348403 -71499 -357053 87358 -163028 -891
-145211 -28467 -274822 765503 159482 -32367 135137 -48906 -587
24409 39375 -339847 290759 1005316 11606 202701 30178 -51
210473 120042 -614569 535851 483192 -23294 63529 -215648 534
-151402 45632 -474058 549395 476583 -53575 84750 -61043 857
105010 138347 -380344 922178 559993 -466950 173017 -287459 873
-143616 222971 -636074 201619 570031 -169417 140170 52496 915
66167 47712 -517576 636956 315691 35278 86597 -147904 1152
7744 164352 -616050 1207853 214663 -373030 52787 -143157 1304
-203035 213645 -632114 600777 527296 -221598 117407 -116701 1553
-173140 119448 -533948 1292009 820358 -357268 131917 -116656 1568
50464 172705 -650229 1049058 188100 -262433 100575 -124243 1587
-92233 -39461 -262188 1579755 592303 -109525 68985 9048 1879
-46543 -58725 -265977 1360605 354366 51760 126449 37007 1976
95593 -23747 -394486 1455017 673458 -227014 99474 -33074 2034
-27204 152835 -565890 462687 944047 -139745 89872 -162749 2257
-4025 221606 -625666 1325313 519654 -416744 116503 -33564 2444
-176609 18668 -519126 1143856 1136892 -53187 51697 -177788 2567
-86936 -7380 -362977 1190919 203935 -141163 174512 90773 2965
-99621 -3105 -613814 1368739 574634 -2284 198168 -264496 3289
-152706 200417 -336051 806728 953194 -150116 127615 -102383 3679
110538 -38521 -607187 1396102 276110 -43581 101207 -205703 3734
-189762 117997 -369348 1521071 661239 -395603 170117 -32637 4067
104026 213546 -640665 1618767 63687 -452654 46119 -115807 4433
124856 119319 -574069 1319218 -6009 -184105 77024 -126446 4513
42954 115106 -613946 948793 461346 -6179 127990 -218865 4603
-139543 17348 -598398 1571742 1027325 -164088 183857 122696 4861
158388 -29319 -306715 1237159 643281 -148210 88017 -59265 4923
73542 59735 -507347 1289842 1075659 -314480 54763 -405339 5272
-186716 -13455 -266453 659948 807670 -117067 158458 -127277 5570
-191400 161733 -633820 1413067 860073 -308424 122716 -100036 5583
213730 127749 -634445 1316467 686084 -236331 85613 -107388 5612
-32278 -36613 -366347 1286780 -86537 14616 139861 -110334 6022
-102042 111011 -676843 952242 2691 -212693 73692 55746 6112
193471 29285 -263922 1622096 906548 -528254 168294 49679 6283
162919 67364 -511941 1550889 982074 -181038 186886 -385595 6334
-56008 111237 -319332 359506 60917 -211628 44862 -153431 6490
-3152 197272 -463742 995854 344805 -225502 169032 16803 6942
-101035 145476 -691759 1491329 298330 -429916 204686 -137222 7144
-43988 58840 -277583 1100167 1141175 -313995 115677 12825 7272
-20866 3948 -433003 1554798 1179894 -354922 123229 52729 7423
-87333 29254 -286058 1448864 445562 -247609 85023 -62486 7538
-114576 91317 -296594 916712 348476 -180771 98670 -191179 7572
198252 141501 -553015 414136 529343 -38701 102314 129823 7795
175142 189708 -476750 162006 1137904 -247403 112181 -67004 7808
-37113 141139 -500919 492230 575889 -36348 122264 26315 7992
155273 215436 -416681 497085 -18038 -379835 67635 -21980 8026
-138311 -29388 -460044 1144712 1209454 -179504 140949 -201891 8230
-34980 80823 -401222 1501143 379856 -421717 49157 -269349 8375
104743 207219 -331483 105228 985122 -410689 50415 -104336 8427
20389 126207 -336357 782102 1001370 20550 119667 16069 8565
-137144 76437 -517061 1509937 180763 -136236 170438 -117150 8824
102660 208081 -420947 727350 560393 -325293 120928 -186855 8884
165951 84870 -299415 1015351 299911 -164117 73028 -51862 8912
-152060 72522 -470877 784621 481639 -139565 178281 -119381 9280
-179428 52305 -427318 1576366 654106 -337416 128635 -155930 9445
-187413 96745 -388295 830402 613181 -97461 62050 -170499 9471
171683 93582 -618443 1067998 1208648 -56295 117886 -261697 10347
-152345 201623 -349964 839088 932935 -283314 206978 -27884 10444
-183019 104746 -353462 901120 93089 -95251 168102 -106652 11000
-65801 124529 -652226 1412450 -4033 -182660 96753 13714 11020
-102127 169790 -374404 389062 -61030 -226682 155987 24395 11161
-138985 -101459 -485463 1104569 -28493 -7760 171833 -223089 11596
24587 -2407 -409012 1324679 781096 -303972 97300 -207917 11929
-94801 217942 -305930 772448 1006868 -479507 157995 33002 11994
179022 112402 -528993 606362 1162327 40746 184319 -112104 12233
-17673 219392 -641311 1334856 1137117 -269379 208962 -175543 12271
206259 74322 -393389 1068801 -54050 45425 147273 -27384 12337
-173589 172854 -698078 283760 -30685 44075 126755 -47194 12914
74565 113288 -319149 1092849 278152 -397138 123967 -226518 13583
-168304 169857 -679428 1332912 363838 -365313 169175 -298 14150
1320 113324 -321893 83540 1136417 -14974 96049 -138847 14365
12123 140959 -575303 1636355 252400 -250825 117646 -265513 14484
14422 133346 -445021 1132733 1214980 -250664 55676 -366290 14738
-50974 86449 -268866 464276 1176756 -57291 90717 -171623 14819
-179770 143454 -400882 528092 235537 -383267 187940 -115384 14994
-149699 -62188 -299312 1657006 107292 37420 113717 -431809 15347
-113184 95348 -308958 1291181 821460 -308756 193739 -6759 15353
169095 195726 -680603 395024 552837 14071 44247 -90464 15516
10016 159940 -550593 895442 800619 -180074 59632 -57617 15529
47912 183282 -695533 1331434 1169249 -204464 210130 -126486 15538
25954 204178 -514010 890658 779564 -289431 91376 119856 16006
-84210 180954 -694752 900145 550569 -77987 160010 21723 16080
147523 148219 -480601 1085766 808574 -181678 104945 -208397 16198
-59766 149605 -577702 408913 982204 -13597 137342 -236375 16515
-36390 208950 -618883 1351800 322746 -439891 164655 -103382 16664
15639 32117 -282918 494112 731228 -51985 185223 -49975 16671
200476 164857 -472481 1433698 93991 -486996 206038 -182461 16684
-107289 196167 -577533 923062 271431 -345585 53446 -220425 17011
-105083 -6804 -312985 1101052 47862 62193 185428 -13248 17405
-101138 96854 -501914 1268524 309431 -403954 149660 -225684 17431
60960 -54777 -305050 1514571 423753 -43306 113473 -93111 17632
-74022 195071 -637683 206604 912121 -71391 114387 36186 17860
107712 204294 -478172 849542 564383 -380798 132153 -347494 18431
-69237 137073 -481516 368070 755887 25281 75258 -73781 18437
-154334 108278 -707090 980396 -88743 -33973 194363 -355987 18745
60924 194797 -575142 120044 339367 -23597 59090 -3214 18806
94632 121664 -604403 1534474 53987 -95645 68612 -243320 19264
36653 163896 -322354 368224 37805 -228432 146840 -109718 19297
-198751 207994 -439753 1533340 20304 -139153 187118 91058 19451
78071 46665 -265350 108396 266691 45905 168146 -367053 19725
-84913 154239 -522025 1667075 314201 -488982 130093 -291859 19801
15540 -118511 -268475 1586620 -32265 -54517 48485 -121586 20011
23004 153706 -326284 527648 290059 -206893 78604 32757 20127
199268 183584 -579744 1563294 -97345 -268667 150678 -282010 20223
209708 -25970 -518063 1356611 418310 18946 141392 -47548 20524
6053 115802 -496269 1114456 529817 -226518 79529 -1241 21363
-122696 182473 -616282 1237683 329678 -441660 59009 46580 21826
-72736 181801 -684232 1412977 1145207 -231565 114573 -153475 21973
207628 124316 -408450 603002 249063 -118800 99324 -129318 22521
85173 181998 -569401 1574076 964624 -300773 169497 -60508 22819
-83157 56727 -561919 566805 530693 -68997 189769 -237245 23072
-81844 127786 -337067 876203 525492 -138257 181360 -158614 23385
-194826 127077 -544014 1348113 619063 -172271 93537 17660 23690
169632 106061 -427539 700250 110509 -60579 46393 96908 23967
117572 103240 -549175 714597 184719 12361 206767 -188600 24108
-125722 187347 -437289 375251 1066565 42584 64852 -71028 24154
102683 136940 -555571 674504 450402 44557 181600 115064 24252
110341 140531 -285526 508436 -51282 -178713 126517 -21914 24567
-4930 160142 -458136 1469822 1092304 -396760 121944 -409408 24708
49357 175704 -587829 686021 1133905 20861 84749 -9643 24722
-75999 57299 -303913 984969 928126 53551 161453 -119702 24775
-146181 103933 -290202 1019799 545695 -99136 113660 93588 24884
-204836 156437 -341362 1068637 677087 -459027 104811 -207278 25084
183007 190991 -618380 1566826 999389 -317148 148505 -12497 25640
-32431 204220 -659945 795093 191317 -241625 148957 -181167 25744
-13144 124576 -701228 775537 153158 -44091 97471 -34387 25964
-97243 221062 -683669 1550578 478673 -297089 155514 -21464 25968
-34361 153180 -305252 824507 785630 -332019 152066 -119123 26396
66579 67027 -347218 1430378 507612 60995 172181 -270152 26398
-171160 104813 -410943 372216 1089251 58840 84689 -115635 26445
141332 170975 -471630 1228858 -32721 -388302 188657 -366562 26681
64816 213776 -465567 636231 524946 -163907 173984 -60569 27862
94885 207551 -350600 222939 1048903 -36230 89015 -49340 27942
91459 15879 -471970 916014 227815 -27115 176764 -99780 28139
216193 157438 -640449 1108701 302494 -201859 89209 -136587 28768
-81113 223555 -447128 1657445 718877 -558973 184426 -185699 28861
79770 205618 -482508 250326 376579 -173551 180499 24203 29514
-203414 69034 -264131 1522582 519113 -194343 168446 108326 29870
125493 188921 -578060 846306 540962 -33308 159236 -152837 30328
-160961 102851 -626122 1508868 1093230 -109743 168726 -215071 30392
112539 112995 -266825 730963 43526 -31908 133742 -82182 30416
192758 -13764 -298659 1537809 220092 34047 101254 -84068 30459
120024 152518 -466638 818735 514715 -28926 55276 -15190 30889
192052 198191 -568328 912887 5280 -16856 163216 64262 31299
-202307 131892 -344671 721500 -98920 -176373 56036 -181026 31966
97184 129807 -336743 1323016 689815 -331568 55060 -55937 32059
159773 83435 -612226 1485801 1127296 21417 170230 -150710 32424
-21950 117873 -261834 1046690 198266 -174129 191856 -59244 32618
14372 117588 -644392 1344726 -89784 -246382 80220 -111104 32660
-144326 186702 -287784 1304474 1146071 -390661 85512 108891 32808
61999 52989 -441541 367583 592194 -60985 166825 -140882 32816
-16172 181691 -587719 524981 -109879 37872 45548 28293 33601
41753 154386 -377557 387763 54523 26546 107156 -77017 33669
-202426 214009 -289303 181563 679830 -184560 78498 -29832 33848
162949 199530 -524240 673044 499758 -33843 52832 -65974 33919
-185879 115782 -686419 1431632 564704 -65071 138505 -62425 34106
-182430 145613 -554539 949223 296128 -14821 81013 -64983 34399
-24328 7570 -316135 1222619 232706 -163199 108883 -39731 34689
-77125 180678 -434229 821686 871634 -127388 73102 20948 34863
193708 164049 -329418 470944 431059 -255307 67376 -70260 34866
-183642 85174 -487755 1489048 626562 -216403 68363 -217875 35143
200307 76274 -285643 516609 1031839 13930 152435 -18727 35152
73105 92239 -276733 1427306 101557 -162024 148932 -133131 35305
-28448 219286 -460395 1621956 716538 -369230 51431 -289927 35587
196514 210133 -352662 1442526 976486 -472931 143664 -198890 35646
-86750 57443 -268614 1286509 334770 -121556 129135 -88736 35675
170203 27680 -279404 1439242 900459 -170992 91972 -104887 35809
98291 -26240 -353467 1009502 -111112 52049 67856 -205344 35895
-127898 96815 -676686 1091325 132338 45560 94879 -119507 36242
-127203 198011 -585452 819901 -41767 -58270 85056 -245656 36324
10035 192694 -501592 1659785 607329 -374640 86792 -287095 37110
-168780 44104 -455559 1500427 1108607 -79806 76135 -203579 37405
162319 203890 -492037 1353105 88605 -256892 167845 -200642 37457
-73798 47011 -296075 1086652 231308 -201869 114496 -120495 37884
206186 -21892 -332011 1593758 119791 -2615 137144 -117410 37910
123171 184726 -326354 631313 1025463 -266909 151791 -15569 38126
138925 135123 -298933 1171000 153667 -281379 200640 -227508 38412
-134385 101850 -549532 1365253 237759 -179228 182725 -214786 38423
10334 140400 -640064 1015061 1187796 20002 148777 -214934 38803
-82634 87954 -311536 801632 712584 33257 114641 -5290 38811
15902 145512 -611398 1523219 -13245 -125333 134393 20462 38900
-86291 189392 -475264 479728 679549 47341 52766 -190870 39589
-132308 198961 -432739 499243 773755 10560 82111 -183956 39973
-157764 145255 -550752 1536769 292689 -167610 143402 -110737 40348
-17188 207471 -259150 1531836 361849 -472584 115950 40652 40359
-105260 141848 -706517 1540929 741941 -35635 134757 -109447 40608
-158667 177104 -570448 1522055 984283 -137518 125791 73443 40644
-174556 75064 -560428 1502090 755722 -162472 74936 -41909 40724
-126534 220661 -428387 934164 472152 -345809 61822 -2739 40803
-92561 147764 -286258 1443747 488602 -289501 63473 -44723 40928
-27524 215816 -486636 1380404 155059 -383958 112815 -259730 41013
-3832 6803 -410646 1538516 6892 -187968 44189 -79692 41040
-72831 134651 -259118 1440720 519161 -321719 126870 116151 41091
-64103 191887 -523784 1628088 255386 -288740 125277 -198941 41160
178759 95327 -585850 1116714 1183878 55155 76332 -298657 41460
37937 108065 -439653 1468887 1046084 -290464 106078 -253030 41481
-81437 92495 -409128 769542 311953 -77388 206133 86277 42200
57821 138411 -498887 1429413 280806 -253029 84563 -102310 42271
-185216 138203 -661170 1192033 -32183 -165308 44407 -149058 42405
104136 26960 -347830 1552301 335490 48312 188505 -412290 43221
-156983 85045 -304251 807813 55438 -157941 157263 -136086 43848
-157750 188592 -259312 733549 185847 -171122 61019 -62993 44304
145918 215726 -506482 624392 941993 -65702 106329 -9675 44421
16176 189565 -340909 929660 1156690 -401473 149482 -143695 44653
-152627 177853 -264821 723642 944019 -145947 83132 -4652 45081
-38354 143408 -444253 1571714 -82963 -162096 84260 -148182 46019
-38654 183098 -392057 918987 785907 -50122 201613 -190420 46092
80999 172661 -637958 1403299 787049 -159744 47348 -288096 46145
-185289 216308 -339424 673621 1052289 -144540 162639 -342457 46263
108521 206642 -570929 824432 645046 51747 102951 -50904 46491
17626 106104 -437501 946299 160588 11666 111436 -241015 46705
10402 215338 -322888 770876 -7653 -169425 180274 44770 48384
-155385 156792 -381588 863310 528959 -116852 101100 -222289 50078
42269 219657 -348093 263834 1052735 -115999 54114 -59116 50357
19682 174211 -557736 1526959 -38532 -341948 161966 -58645 50610
177341 206028 -296971 1504796 315688 -487728 105858 -90075 51293
144141 98682 -510243 1199789 260240 34346 208246 -27472 51392
165041 165066 -415138 442596 1158781 12955 155721 -92566 53487
35122 151772 -415825 1153687 703643 -185435 124867 -134960 53597
-147590 219574 -424437 260065 190582 34823 154885 -249106 53623
94388 190610 -442029 1093220 678746 -71204 155919 -153163 53931
36128 103365 -307472 1592536 1112534 -111264 135565 -129636 54253
130882 220533 -362830 954395 831883 -275643 58645 -58875 54749
29679 158112 -454428 949350 -97829 -249318 179046 -135613 56122
-8786 221501 -701059 1511566 1158293 -107191 78423 -235213 57074
146678 150745 -626695 1554643 -14806 -146870 106148 -38629 60578
84809 19464 -412357 1614054 1070046 -1448 207379 -71858 60635
201528 160475 -395323 1654469 1204905 -77293 128407 -91366 60721
151445 134997 -522340 1043354 55773 -64223 120735 -115862 60930
-113154 172270 -570613 1538391 947224 -98578 190399 -282970 62753
128099 120101 -364749 1276531 1134396 52695 197217 -142545 63722
44216 70403 -372557 1538925 65158 -20036 132646 -48787 64840
19819 191163 -382112 1445859 -93781 -163614 180465 -45756 64917
-126527 193383 -306769 1058654 64635 2328 44768 -182327 65322
-174048 195820 -414485 159808 437946 -31757 203231 30945 66102
-36354 108623 -612866 1563572 270938 -73210 158303 -189018 66378
107779 178133 -293994 1022602 364895 -4625 74600 -188867 66510
-64734 207231 -649495 1428082 450018 5833 107584 -201472 67776
135231 154701 -288858 596607 317029 45550 71345 -58811 69803
121484 181812 -521407 1592488 461210 -207814 197417 -107864 69871
-134708 181466 -339554 876386 663723 10199 186674 -128042 69928
146312 178699 -368414 1569410 253886 -277986 56123 29928 70368
-3868 203980 -261370 1311021 454678 -166859 180580 -148911 72452
67495 130987 -473332 1471414 1020517 -45419 105948 -281902 73518
-28488 219208 -381490 1522459 434983 -191572 124841 51998 74837
12140 152157 -442068 1581949 931487 17859 112545 -279462 76701
119882 197868 -387539 1331271 1016555 20338 191376 -149798 78223
-122595 130280 -285101 691448 463480 45318 48016 -23349 78223
-25911 210189 -550322 1038835 1042872 -41013 62893 -345094 78882
56516 223107 -308804 897713 980346 36729 105819 111851 79360
-203099 216980 -432472 1403231 544315 -217054 181673 6151 80822
-177085 222514 -412864 992106 339305 -74788 177471 -162757 82198
205861 134221 -348308 1657244 462594 -268370 44253 -56699 83114
-193712 216411 -509266 1377653 452303 13131 186631 -91034 83954
-92544 194909 -426105 1245098 240955 -227160 83453 121022 88838
53224 181222 -637570 1380388 -42100 51217 72116 55842 90152
106637 187380 -501697 1621372 1037908 -120495 201771 -57969 92934
-161512 200925 -393323 1145944 67178 24986 159168 -162517 101332
-92371 143058 -363826 1659403 687591 -143702 155011 -46923 108425
-127857 166221 -286620 1406375 740115 -66817 97022 -205010 109963
81479 169448 -396476 1307304 627139 54189 207714 -180746 110675
-46109 189458 -357598 1498244 243828 -75001 87968 -82176 112805
